0.00019783633808813353
8.107042117651624e-5
4.107436165398141e-5
2.5867232052957746e-5
1.8080608087090104e-5
0.00011296595812446067
6.0404664533793166e-5
3.9107308141728364e-5
2.3967046634521805e-5
1.7448640574230795e-5
1.2734154259752906e-5
1.0081783430620289e-5
8.141854275863137e-6
5.759313266893543e-5
4.1572097298049996e-5
2.683962422484799e-5
1.9459840545747183e-5
1.3073209080347153e-5
1.0385072509206289e-5
7.979718876863932e-6
6.384082280580855e-6
5.354348895986076e-6
4.36249144485285e-6
4.42885131102529e-5
4.0830909037309416e-5
2.6115917896851578e-5
2.0166249646319516e-5
1.5111777844278712e-5
1.085903059565391e-5
8.94992200970357e-6
7.4248055757873926e-6
5.812463368750878e-6
4.939831390353894e-6
4.04793304354771e-6
3.1084339192248733e-5
3.3886202135116676e-5
2.3231082714662876e-5
1.7459585387192015e-5
1.4361947249087019e-5
1.0894867613067139e-5
8.189558868335884e-6
6.910582808805458e-6
6.01902667085142e-6
4.810361062771572e-6
3.842239976957893e-6
3.3349889688356967e-6
2.600766341834351e-6
6.986660424477477e-7
2.775006339207102e-7
1.407600162297238e-7
8.828789182416154e-8
6.1775358734854e-8
9.955122426881143e-7
4.005876460492317e-7
2.0398690363850567e-7
1.283253805793635e-7
8.96006597359548e-8
1.4249769395535265e-6
5.788971522178497e-7
2.956730428937742e-7
1.8642912660330932e-7
1.2996645164508357e-7
1.537358653761975e-6
6.264362576540473e-7
3.2029054403438634e-7
2.0210413494085564e-7
1.4081864875186388e-7
1.8959550650689287e-7
9.652640675798418e-8
6.01497823548553e-8
3.736884479090539e-8
2.6524694047112918e-8
1.9641018671689434e-8
1.5461741834228724e-8
1.2580093202897613e-8
4.1829205863878044e-7
2.1749662725755612e-7
1.373290088727788e-7
8.511883974553294e-8
6.086932846482561e-8
4.4919971895334884e-8
3.5382753950686444e-8
2.8735716669098148e-8
8.355449471361605e-7
4.421688853221875e-7
2.8172737442457545e-7
1.746403871148105e-7
1.254008376545395e-7
9.245429586779863e-8
7.27735696386081e-8
5.9076325001073595e-8
1.0092760922178248e-6
5.372295543544694e-7
3.432543587421648e-7
2.128320536011003e-7
1.5299849111108497e-7
1.1278620705086455e-7
8.874681318672766e-8
7.203869741241365e-8
2.692713336903817e-8
1.8646725267363938e-8
1.21677572715339e-8
8.546674711883046e-9
5.83951137102574e-9
4.572976571524539e-9
3.5049554390252647e-9
2.841298644381078e-9
2.3490891817042703e-9
1.942553595367913e-9
8.79355881115105e-8
6.043733323885003e-8
3.947758412631418e-8
2.7619129031735015e-8
1.884263660537432e-8
1.4814699459275964e-8
1.1276343579492659e-8
9.18552828007644e-9
7.588633677475791e-9
6.264889219342396e-9
3.357748942840416e-7
2.377196059414217e-7
1.5441181987182655e-7
1.1013033059289297e-7
7.472740547935852e-8
5.882866929263907e-8
4.518928707787603e-8
3.639020086868629e-8
3.029359280415947e-8
2.4893116712317857e-8
5.012056986068814e-7
3.5860204452215706e-7
2.3248446288046183e-7
1.6686365436834932e-7
1.1315936478176939e-7
8.898944338433374e-8
6.865417115729314e-8
5.506078444665304e-8
4.592465271453896e-8
3.771593405578266e-8
1.2737936269853855e-8
1.1794587892127411e-8
7.54352219937086e-9
5.8283095893543646e-9
4.370345925710633e-9
3.156000903505294e-9
2.587281379419963e-9
2.137854444197016e-9
1.693597768956106e-9
1.425278156435152e-9
1.17204688522004e-9
2.2027373353143635e-8
2.023925516887542e-8
1.293579721690203e-8
9.99222807903262e-9
7.456807863093934e-9
5.393205793294067e-9
4.429100189487624e-9
3.6444707607403163e-9
2.8916686933796395e-9
2.4365629118487677e-9
1.999714471166051e-9
1.1453543571340692e-7
1.0354476378779742e-7
6.602776681056622e-8
5.1063374260647356e-8
3.7668024956253245e-8
2.726200183654693e-8
2.256077108661683e-8
1.835799433505994e-8
1.458078342815369e-8
1.2375487373542165e-8
1.0078770258894466e-8
2.801446687533664e-7
2.5764063620490796e-7
1.6462010314984717e-7
1.2724211036655618e-7
9.494557655773441e-8
6.859599468230764e-8
5.6406995351835065e-8
4.640200871033957e-8
3.6769217730503325e-8
3.102953930443652e-8
2.5445280429128792e-8
7.379472153431248e-9
8.136328049561636e-9
5.494446109670516e-9
4.14452485656887e-9
3.4066129734835122e-9
2.5970043171504056e-9
1.9615611115313836e-9
1.6509628099234287e-9
1.4251774622647772e-9
1.1339961878038336e-9
9.215842213277531e-10
7.833568087155896e-10
6.225070134334312e-10
1.077601620348986e-8
1.1854070065656284e-8
7.996277368254003e-9
6.034946572819542e-9
4.95763991622412e-9
3.773071472694792e-9
2.851165239736553e-9
2.4025099340247727e-9
2.07140829439386e-9
1.646919114157167e-9
1.3406461177030127e-9
1.1381314176930237e-9
9.049718418754139e-10
2.4109464703167535e-8
2.6186079471670127e-8
1.7547561648629573e-8
1.3283384611651227e-8
1.0873755450656878e-8
8.203619179452373e-9
6.220083781161855e-9
5.270439468947363e-9
4.509638178781709e-9
3.573388033894585e-9
2.937183045593348e-9
2.4718989212012824e-9
1.975539450316587e-9
1.1380047381552342e-7
1.2454323104416564e-7
8.38147455492212e-8
6.331771710126155e-8
5.194960517235797e-8
3.939781004130446e-8
2.9799895418854472e-8
2.5176255993203903e-8
2.164772957786367e-8
1.718270977829703e-8
1.4037755808496087e-8
1.188455252601795e-8
9.461330306425644e-9
2.280929981793821e-9
1.1787587812412123e-9
7.614390187947783e-10
5.552120091492693e-10
4.3525462149544786e-10
3.574747559886474e-10
3.0297033715149417e-10
2.6137326293380195e-10
2.2628345539422764e-10
1.9555944440412047e-10
1.689151829094581e-10
1.4552740323865553e-10
1.248634381092194e-10
1.06730184585313e-10
9.071196123551762e-11
7.664599410052058e-11
6.433534185532043e-11
5.362329089087074e-11
4.439309721857175e-11
3.646481085636552e-11
2.973208924858002e-11
2.4067321918805456e-11
1.9339700207989508e-11
1.543842675209887e-11
2.9343396684411442e-9
1.5314574057966369e-9
9.841400439590552e-10
7.131397158743796e-10
5.555995792800844e-10
4.542129937064043e-10
3.8371371615729414e-10
3.3033757191308166e-10
2.856602194615371e-10
2.468248579138874e-10
2.1338035719146792e-10
1.841654556213217e-10
1.584556465534671e-10
1.3593090524204632e-10
1.1603609846379198e-10
9.853902481618382e-11
8.317299017235123e-11
6.97469510634136e-11
5.810840821355621e-11
4.8047022542219656e-11
3.943861868689839e-11
3.213726183965e-11
2.5995300847364833e-11
2.088249407658338e-11
4.009589963463767e-9
2.1222439830443124e-9
1.3612213468177942e-9
9.810960211147232e-10
7.598260635973523e-10
6.181728953406218e-10
5.201756695008359e-10
4.4647619895359644e-10
3.8530782172031476e-10
3.325192362567119e-10
2.8739965763794166e-10
2.4824525354132965e-10
2.1396122356316596e-10
1.8403968324495038e-10
1.5765597513367206e-10
1.3445831997656668e-10
1.1405397980534669e-10
9.616896961551841e-11
8.059960903586742e-11
6.706265124635341e-11
5.5408471385325437e-11
4.5451858431068686e-11
3.701160048558392e-11
2.992981381255085e-11
4.363951827770203e-9
2.3315580263649394e-9
1.5000090916090557e-9
1.0811909891592848e-9
8.353873085177665e-10
6.780729432171053e-10
5.694748992060703e-10
4.878182151483574e-10
4.2022802076700826e-10
3.620930209373156e-10
3.125916647361997e-10
2.697901310471118e-10
2.3244776707673177e-10
1.9996685685685743e-10
1.7139688998026807e-10
1.4632967043150205e-10
1.2430402639721964e-10
1.050060099949472e-10
8.820136166417933e-11
7.357314096646837e-11
6.096078205858927e-11
5.016022687739625e-11
4.098068109566064e-11
3.325461406218362e-11
4.002842041759455e-9
2.127556209536761e-9
1.3605266377974122e-9
9.797029680340843e-10
7.574352236366054e-10
6.152971831223382e-10
5.173246372056476e-10
4.437594402279723e-10
3.8277571391040216e-10
3.3026867092939037e-10
2.854829964331212e-10
2.4665699877097435e-10
2.1272859939521955e-10
1.831160371760516e-10
1.570257393550925e-10
1.3407632816809434e-10
1.1387451738482786e-10
9.615962733155983e-11
8.070689879194828e-11
6.725897910381104e-11
5.565311440826802e-11
4.5719079428814207e-11
3.728272737365628e-11
3.0185495109064854e-11
5.8501582885065416e-9
3.1821398963126306e-9
2.035530490075635e-9
1.4578824760743235e-9
1.1200504786182501e-9
9.038113723080338e-10
7.557955478155033e-10
6.453299937072699e-10
5.545616618819753e-10
4.771614744051518e-10
4.1176490316423126e-10
3.5562231370955837e-10
3.069616062196089e-10
2.647802869397779e-10
2.277912823737223e-10
1.953370273840635e-10
1.6678175766309108e-10
1.4169197529785547e-10
1.197285255914211e-10
1.0050884683877659e-10
8.380870542728727e-11
6.940088674398295e-11
5.7054564470416436e-11
4.6570560785077437e-11
6.5411396122327525e-9
3.6011462376455804e-9
2.3131329270604614e-9
1.6567326584921856e-9
1.2701010638244488e-9
1.0220892302597986e-9
8.527394473142041e-10
7.263138403447742e-10
6.226667448887049e-10
5.346494307326231e-10
4.605695462545649e-10
3.972610463419468e-10
3.4263720214907484e-10
2.954944370518389e-10
2.5430359322578705e-10
2.1827122310160304e-10
1.8663131928698581e-10
1.5885987769845865e-10
1.345529980834268e-10
1.132633601332435e-10
9.473625936964478e-11
7.871418945946038e-11
6.494408122138495e-11
5.3210934266859916e-11
9.500379344814367e-9
5.351162030156383e-9
3.4581681277289165e-9
2.4605367476740273e-9
1.8803401075018707e-9
1.5054187389855895e-9
1.2482612955432884e-9
1.058658487898585e-9
9.038211051393564e-10
7.731807382858717e-10
6.6423424887733e-10
5.719458193225786e-10
4.929952112791071e-10
4.2538608005894906e-10
3.66700673212752e-10
3.155982288304053e-10
2.7085458974676576e-10
2.3160073837094636e-10
1.972035880984624e-10
1.669837498728651e-10
1.4056061931365151e-10
1.1757680304481697e-10
9.768050608390839e-11
8.059532256925099e-11
1.1257558107871138e-8
6.446293029882349e-9
4.211506596146797e-9
2.9972421694030687e-9
2.2851454489978652e-9
1.8254927795701482e-9
1.5084650749002236e-9
1.2744940553897621e-9
1.0842494993503533e-9
9.24185577974184e-10
7.913194513411669e-10
6.794708859944069e-10
5.844042855273834e-10
5.03558570249909e-10
4.338356947532794e-10
3.734762035222581e-10
3.2087708171846333e-10
2.748868889289126e-10
2.346701301122025e-10
1.9935428366902902e-10
1.684520893958264e-10
1.4151628506244334e-10
1.181244240336625e-10
9.795620442544328e-11
1.4218958459186561e-8
8.322890611816354e-9
5.544140110385891e-9
3.9687899694937485e-9
3.016963007957707e-9
2.4043250640357266e-9
1.9809213995249554e-9
1.6652385428128128e-9
1.4089186009211379e-9
1.1945031376297116e-9
1.0171895480409116e-9
8.689515400896251e-10
7.440792925252583e-10
6.38919048191638e-10
5.491231580590222e-10
4.721508218688164e-10
4.056478073991888e-10
3.4793149327452973e-10
2.977330969989058e-10
2.5379659952744107e-10
2.154098105311546e-10
1.8192470206576793e-10
1.5277979141354262e-10
1.2754616722283347e-10
